,Coretype
3852,2
5093,1
2785,2
3909,3
1958,1
83,2
625,1
1417,1
4051,1
462,1
4765,1
2604,1
4199,2
3850,1
2941,2
2011,1
2197,2
916,1
4490,2
2187,1
4095,1
1484,1
900,2
2708,2
65,1
129,1
358,3
4781,1
4560,2
2156,1
3024,1
4591,2
4413,1
4125,1
1179,1
957,2
146,1
2609,2
4253,2
5096,1
1612,1
107,1
705,2
1940,1
4318,2
2874,2
1214,2
3037,1
4593,2
1700,1
2090,1
3794,1
2944,3
81,1
696,2
4923,2
1248,2
1547,1
2450,1
1493,1
2551,2
3027,2
15,2
3563,1
2150,2
3152,2
3993,1
3816,2
4848,2
1811,1
749,2
4784,1
3377,2
2083,1
1396,1
340,2
4990,1
1900,1
4811,1
55,2
599,1
3480,2
986,2
1136,1
2886,2
2062,1
1394,1
3186,2
2855,3
858,1
4201,2
3444,2
2949,2
3562,1
2392,1
959,1
4266,2
299,1
600,1
4486,1
56,1
2203,1
4159,1
4432,2
4428,2
4387,2
1044,1
2171,2
4344,2
1312,1
2306,1
2255,2
3674,1
3630,2
3407,2
3117,2
2408,1
2160,2
656,2
4153,2
4902,2
119,1
1565,1
2417,2
638,1
2319,1
773,1
3112,3
4709,1
4680,2
1046,2
3497,1
3141,1
2462,1
2295,2
2112,1
1091,1
4110,1
457,1
2716,1
2132,1
2702,2
3725,2
1743,1
4958,1
4827,1
4122,2
1237,1
3257,2
1383,1
2698,2
3527,2
3742,1
2323,1
3416,1
4850,1
4970,1
3399,2
3705,2
3919,1
4779,1
4448,1
501,1
4646,2
2030,1
4234,1
689,2
1783,1
3328,1
4854,1
1828,1
3856,1
3253,1
2830,2
1673,1
2367,2
2032,1
2629,2
3368,1
3605,2
2239,2
4278,3
2727,1
2454,1
4466,1
2397,1
1569,1
4370,3
2314,1
3895,1
4331,2
3880,1
1534,1
4462,1
2558,1
1595,1
4297,2
583,1
266,1
4176,2
4142,1
4147,1
4217,1
826,1
4653,2
2500,3
2486,3
2043,1
2648,3
4288,3
3455,3
2994,2
4525,2
1172,2
3804,2
2498,3
3476,1
4772,1
5007,2
3884,2
524,2
468,1
2925,3
1336,1
1505,1
3832,2
486,1
4742,3
165,2
885,1
1781,1
4932,2
4856,1
3820,2
2911,2
4419,1
4714,1
4586,1
4681,2
1719,1
390,2
2387,2
4914,2
887,1
2288,2
4690,1
18,2
5091,1
4488,1
452,2
2743,1
103,1
3178,1
2511,3
1582,1
2027,1
259,1
3899,1
2963,1
2173,1
3875,2
4615,1
2527,2
2879,2
768,1
278,1
3781,2
1356,1
2442,1
4989,1
3528,1
3757,2
3530,1
219,2
1163,2
3539,2
4996,1
2554,1
4998,1
1231,2
3314,2
1681,1
5053,2
288,1
3003,2
4861,2
1466,1
3819,2
1374,1
44,1
1458,1
551,2
4964,1
3447,1
4146,2
3138,2
2509,3
2430,1
1181,1
626,1
1664,1
4249,2
2424,2
3988,1
3475,2
4019,2
1908,1
1139,1
3207,2
4588,1
173,2
1393,1
1852,2
1618,2
1892,1
3114,1
3893,1
88,1
3973,2
2742,1
585,1
2101,1
3744,1
4794,1
2515,1
1730,1
4063,2
2946,2
2352,1
3664,1
2605,3
2699,1
3131,2
2110,1
2446,1
2291,1
516,2
396,1
4706,1
47,2
509,1
348,2
631,1
493,1
3065,2
416,2
5073,2
4511,1
3388,2
2534,2
218,1
4107,2
702,2
4273,2
3163,2
1890,1
277,1
4888,1
1468,2
2691,1
265,1
1955,1
123,1
1601,2
4608,2
1996,1
4092,2
2857,1
3315,1
4083,2
4483,2
4532,2
421,2
799,1
3942,1
3623,1
1144,3
961,3
1869,2
4793,1
4607,2
985,1
1813,1
4701,1
737,2
608,1
2121,1
754,1
4362,2
2819,1
2655,2
2451,1
3350,1
4912,1
2662,2
2666,2
363,1
2131,1
460,1
742,1
650,2
2519,2
3602,1
447,1
4704,2
3376,2
4520,3
1148,2
3606,2
1981,1
4341,1
4128,3
2531,1
4502,2
5064,1
208,1
86,1
242,1
389,1
2455,1
3523,1
1216,2
1192,1
4733,1
1818,2
371,1
1068,2
802,1
5043,2
3201,2
1283,1
2302,2
2681,2
4558,2
3987,2
701,2
93,1
4624,2
2374,2
4840,1
1833,1
1454,1
1141,3
4844,1
1627,2
4411,1
4657,2
3337,1
4689,2
896,1
3126,1
1257,2
1645,1
1330,1
3915,2
4241,1
535,1
772,1
113,1
4464,3
3076,2
1301,1
1959,1
3346,1
3854,1
1853,2
717,3
4803,2
3032,2
3752,2
4492,2
1120,3
3161,2
491,2
4160,1
1703,1
4378,2
636,1
1122,1
1489,1
3963,2
1221,1
2523,2
2753,2
188,1
5048,1
3155,2
3522,2
3906,1
2827,1
798,1
271,1
3507,2
3503,2
3521,2
82,1
4223,1
2806,2
5004,1
2019,1
1812,1
1315,1
939,1
1986,1
4618,1
581,1
3113,2
5054,1
1021,3
3,3
3056,3
3010,2
4757,1
3907,1
3156,2
2474,1
4129,1
2370,2
1785,1
4371,1
2600,2
1511,1
4422,1
4900,1
1253,2
3660,1
1749,1
2278,1
3526,2
2680,2
710,2
1344,1
3851,1
943,2
1632,1
249,1
2362,1
4732,1
4517,2
2543,2
975,2
5015,2
75,2
3373,2
536,1
5002,1
5051,1
3956,2
3153,2
33,1
2325,2
2736,2
1878,2
4570,1
810,1
3189,2
4203,2
2596,1
4634,2
1420,2
2477,3
1475,1
66,1
1613,1
2357,1
3059,2
1798,1
4497,2
4041,2
3552,2
4945,2
2364,1
4951,1
3247,3
1016,2
3622,2
4726,1
4548,2
3232,2
1886,1
2232,2
2908,2
135,1
1056,2
4659,2
2529,2
4547,3
3236,2
0,3
4131,2
3890,1
818,1
1927,1
3583,1
279,1
519,2
317,2
3034,2
3682,1
2697,1
1883,1
2888,2
3936,2
385,2
2378,2
987,1
541,2
2572,1
85,1
1717,1
1998,1
1447,1
4529,1
3772,2
1754,1
3395,1
682,2
3776,2
3102,1
2383,2
4247,2
4594,2
2441,2
5030,2
4374,2
1149,2
3007,2
4658,1
441,1
428,1
4079,1
3502,1
575,2
3036,2
1884,1
2485,3
3298,2
528,1
2116,1
3394,2
1970,1
2777,2
2647,2
2212,1
2153,1
1036,2
5076,1
3723,2
634,1
1346,1
3650,2
4766,1
774,2
1411,1
1361,1
697,1
3474,2
2452,1
4671,2
1234,1
2273,1
3978,1
1957,1
4289,1
1593,1
40,1
1155,1
2749,1
1261,2
2516,1
2280,1
4974,2
1372,1
1406,1
2968,1
4298,1
1963,1
2179,2
2752,2
1815,2
3140,2
5033,1
2224,1
633,1
2821,1
1797,1
2012,1
1652,1
4162,1
2650,1
4254,1
4072,1
2567,1
5042,2
1733,2
4367,2
4328,2
3390,2
2847,2
3470,1
4743,1
4037,3
2630,2
877,1
2525,1
4907,1
601,1
2641,2
3740,2
4807,1
3581,2
2207,1
3375,2
1470,2
3217,1
1045,1
1793,1
220,1
4443,1
1589,1
950,1
4839,1
4260,1
649,2
1642,1
5094,2
4366,1
3234,2
5035,1
1997,1
3863,2
1176,1
3888,1
4561,1
4157,1
2488,3
3109,2
344,2
3044,2
3363,2
287,1
2914,2
678,2
3387,1
2399,1
4141,1
2251,1
2923,1
11,2
39,1
3695,2
1770,3
2541,1
2624,2
150,1
3591,2
2183,1
2569,2
2993,1
226,2
2298,2
3167,2
2514,1
214,1
2800,2
2340,1
3533,2
104,1
1638,2
718,2
3436,2
50,2
1796,1
4684,1
4068,2
4025,1
485,1
4872,1
4669,1
3275,1
2616,1
4485,2
442,1
2418,1
4294,3
3639,1
790,1
4984,2
3272,1
1251,2
4015,1
2775,2
3137,2
1806,1
110,1
425,1
1792,1
2929,2
2978,2
3541,2
663,3
3219,2
1219,1
534,2
1876,2
3699,2
1267,1
4506,3
494,2
2503,3
2833,2
1538,1
4302,1
160,2
3146,2
2285,1
2737,2
3728,2
4168,2
4643,1
1106,1
3684,1
3662,1
2165,1
4291,1
4034,1
4453,2
2953,2
2774,2
731,2
4804,1
3933,1
193,2
1069,2
4139,2
1037,1
1197,1
2597,2
272,1
1761,1
92,2
4617,2
1762,1
1560,1
3105,1
2532,1
4392,1
4372,2
2129,1
4679,1
1278,2
3453,2
4061,1
3291,1
2256,1
4319,2
4021,2
692,3
3669,1
3171,3
2056,1
3330,1
5078,1
1924,1
3652,1
2228,1
2356,1
4920,3
2594,2
3472,1
2120,1
4360,2
4870,1
1502,1
2262,1
2466,1
2094,1
4903,1
2615,2
114,2
438,2
1207,1
2403,1
499,1
1401,1
962,2
5103,1
513,1
293,1
2964,2
364,1
3504,2
5005,2
3365,2
967,2
4670,1
2948,2
3413,1
2162,1
1193,1
196,1
4776,2
688,2
4347,1
3693,2
4967,1
795,1
4111,1
4322,1
4394,2
4307,1
1300,1
1969,1
645,3
3939,1
4433,1
2272,1
780,1
3746,2
1689,1
4763,1
19,2
857,1
804,1
4791,2
862,1
3524,1
2927,2
372,2
2552,2
4052,1
767,1
1546,1
2682,2
511,1
1933,2
2959,1
2639,1
101,1
2533,1
3641,2
3286,1
5003,1
151,1
79,1
2910,2
3903,1
4901,2
1138,3
1539,1
1009,2
4,3
1485,1
4596,2
3779,1
805,1
4935,2
5065,2
1964,1
4169,3
4911,1
4156,2
3989,1
495,1
4377,2
2433,2
4987,1
2332,1
1024,1
1333,1
849,1
1716,2
965,3
3780,2
1659,1
4957,2
32,2
616,1
4398,2
5057,1
4738,2
1064,1
1065,1
260,2
677,2
1763,1
3514,1
1543,1
5024,1
3349,1
3295,1
4626,1
2613,2
1956,1
2999,3
3808,1
2824,1
2871,2
1974,1
4182,2
3679,1
4282,2
2230,1
1451,1
4189,2
673,2
461,1
3223,1
4543,1
379,1
4181,1
4105,2
4976,1
41,2
2972,3
3283,1
3731,1
819,1
4204,2
2363,1
3402,1
2589,1
518,2
4499,2
973,3
2270,1
4515,1
2209,1
1577,1
4380,2
1230,1
4936,1
932,1
1412,1
4698,1
2915,2
4425,2
4248,1
1971,1
1073,2
1863,2
1692,1
624,1
1758,1
1281,1
1409,1
589,1
543,1
4606,2
2850,2
579,1
3870,2
3815,2
4602,1
4664,2
3278,1
2838,1
942,2
4661,3
4633,2
1611,1
2985,1
2365,1
1162,1
439,1
510,1
3711,1
2421,1
1896,1
5071,2
785,1
4931,2
2561,2
1810,3
3692,2
2779,2
70,1
4416,1
21,2
216,1
3383,2
133,1
3848,2
3766,1
345,2
3796,1
4195,1
4004,1
4484,1
3791,1
1666,2
1185,2
236,1
969,1
4595,1
3727,1
131,1
3500,2
4622,3
5075,1
1341,1
2041,1
1386,1
672,2
905,1
203,1
3565,2
4480,1
2208,1
2988,1
4775,1
2709,3
1699,1
1579,1
1843,1
3144,3
1153,3
1373,1
603,1
38,2
4329,1
2995,2
420,1
958,1
1338,1
3354,1
1190,1
60,2
2411,1
3274,2
1946,1
533,1
306,1
4346,3
3228,2
5034,2
3343,1
1598,1
1640,1
559,1
1239,2
4842,1
3089,1
4611,2
2810,3
3905,1
2739,1
609,1
963,1
3981,1
2586,2
4831,2
2095,1
5070,2
1939,1
1130,1
1513,1
3855,3
4642,2
3380,1
2135,1
1622,2
1767,1
1440,1
1753,1
4954,1
854,1
2467,1
1070,1
5061,1
2778,2
215,1
4864,1
4349,1
2676,3
294,1
368,1
2505,3
907,1
1250,2
1241,2
254,1
3658,1
3088,2
204,1
1931,1
4439,2
4510,2
3486,1
2780,2
1362,1
4603,1
4788,1
563,1
2145,1
1913,1
2170,1
2294,2
51,2
1849,1
228,1
2245,1
968,1
3675,1
180,2
4824,2
4022,2
1287,1
2223,2
3414,2
4777,2
1397,1
2542,2
3033,2
3568,1
1273,2
201,2
3333,1
5085,3
3127,1
2965,1
3841,2
3384,2
313,2
591,1
4093,2
4388,1
1213,3
2788,2
1897,1
1968,1
3877,1
1321,1
2782,2
1423,1
1778,1
3457,2
4112,1
2664,3
3511,2
1443,1
3009,2
68,2
3600,2
354,2
2142,2
886,2
3998,1
1879,2
319,2
258,1
4471,1
2038,1
1490,1
3412,1
1960,1
4539,1
3977,1
3845,2
941,1
3071,2
3760,1
22,2
2906,1
1479,1
197,2
4832,2
3473,2
2512,3
1765,2
2677,2
1391,1
4583,1
222,1
3005,1
1413,1
3830,1
1909,3
286,1
1017,3
359,2
1317,1
2494,3
3798,1
4767,1
1337,1
3066,1
3621,1
991,2
1109,1
1691,1
2431,1
3125,1
3411,2
720,2
4237,1
1453,1
919,1
4463,2
3359,2
1127,1
1725,2
3202,1
4401,1
1678,1
4391,3
654,2
3818,2
2098,1
909,2
3016,2
2143,2
3090,2
3882,2
1119,2
2003,1
4601,2
3763,2
1708,1
5063,2
4495,1
3477,1
1597,2
3101,2
1145,1
1727,2
4135,2
2848,1
2719,1
573,1
1370,1
4191,1
2606,2
1529,1
3224,2
4655,2
5038,1
3338,2
2344,1
109,1
980,1
1369,1
4064,2
2410,1
2990,2
778,1
4277,2
3426,2
4420,2
3686,2
3243,2
1834,1
84,2
794,1
722,2
4875,1
3020,2
2851,1
2031,1
2905,2
3847,2
4117,1
4055,1
2649,2
3459,2
3133,2
1706,1
2010,1
2342,1
4170,1
1994,1
1872,2
4028,1
544,2
1019,2
4230,1
1736,3
4787,2
1129,2
842,1
618,1
1439,1
3321,1
2216,1
4937,1
2157,2
758,1
3838,2
1966,1
2608,2
3767,2
141,1
5037,2
2718,2
2625,2
744,1
831,1
1481,1
4841,2
4130,1
3294,1
400,1
1541,1
3665,2
3573,2
4270,1
2562,2
4040,2
3084,2
2574,2
3342,1
4205,2
99,1
3647,1
3417,1
870,1
4933,2
2210,2
2951,2
4121,2
5072,1
237,2
4979,1
1424,1
3646,2
3419,2
566,2
170,2
2000,2
3297,1
719,1
1487,1
246,1
4971,1
2889,2
741,1
3053,2
3560,1
4084,1
869,1
3536,2
4997,1
4556,1
2504,3
4598,2
1112,2
1540,1
8,2
1937,3
1441,1
2937,1
1426,1
1670,2
2293,2
3974,1
190,1
2393,1
1157,1
4719,2
3077,2
213,1
873,2
4246,1
4342,1
2943,2
1274,2
2422,1
1910,2
4216,2
4152,1
1967,1
784,1
3631,2
4909,1
2869,2
1561,1
1609,1
1605,2
557,1
106,1
3183,2
1953,1
4747,1
4716,3
5083,1
1123,2
2947,2
3834,1
4088,2
955,2
3520,2
4523,2
3424,2
3846,2
3064,2
3778,1
760,1
3537,1
4071,2
4687,1
4836,2
4393,1
2315,1
3764,1
2139,2
3252,2
1351,1
695,2
4703,1
4442,2
2286,1
305,1
4410,2
3951,1
1095,2
3694,2
2767,2
398,1
4364,1
1403,1
2723,1
2583,2
4177,1
3923,2
120,1
2715,3
3045,2
1836,1
1265,2
3640,1
3357,1
4239,1
1143,1
1644,1
2839,3
1867,2
4876,1
3734,1
3655,1
257,1
4235,3
502,1
2495,3
3688,1
1342,1
3859,1
2254,2
3320,1
3558,1
605,1
3624,1
2436,1
2347,1
3061,2
4567,2
1335,1
5044,2
256,2
417,2
1160,1
1952,1
2864,3
1477,2
4562,1
2077,1
611,1
118,2
3482,3
4552,1
3629,1
4889,1
1263,2
3094,1
2470,1
4218,1
3704,1
484,2
3006,1
361,1
2865,2
4414,3
2461,1
3317,1
4161,2
4700,2
5047,1
4878,1
4264,2
3782,1
3205,2
1175,1
90,1
4727,1
419,2
1992,1
4002,2
4165,2
264,1
1840,1
186,3
2547,2
3309,2
1033,2
4441,1
4430,3
308,1
1078,2
1524,1
4077,2
3043,1
1165,2
108,1
666,2
3184,2
1184,1
3001,1
3755,1
1284,1
1390,1
4715,2
3611,1
1228,1
3361,1
3976,2
998,2
3284,1
5012,3
2337,1
3290,1
2862,3
3544,1
1343,2
2989,2
1809,1
3584,1
5022,1
4013,1
1421,1
1482,1
1218,2
2751,1
3345,2
2320,2
2792,1
1951,1
1707,1
4531,3
1305,1
3553,2
890,1
3525,2
2773,1
2155,1
4452,2
3913,1
2386,1
1365,1
3119,2
3271,1
3721,1
3943,2
660,2
487,1
1614,1
4001,1
588,1
4565,2
1392,1
4014,2
45,1
440,1
934,1
4379,2
2592,3
1324,1
1877,1
1026,2
508,1
5016,1
1124,1
3610,1
111,1
3367,2
4032,1
2152,1
2760,2
3703,2
3440,2
2237,1
3833,1
4279,1
2758,2
4678,2
451,1
3431,2
4780,1
2151,1
3049,2
1746,1
2686,1
2852,2
2971,2
4890,2
1936,1
1988,1
2539,1
1851,2
4599,1
3445,2
1875,1
4544,3
2104,1
4460,1
1711,1
172,2
3227,1
3750,1
3029,2
2891,2
4610,2
3920,2
3680,1
4592,1
4702,2
567,2
2842,2
3582,3
1929,1
3513,2
1695,1
2759,2
2481,3
2602,2
328,2
3409,1
5081,1
406,1
2039,1
4949,2
446,1
867,1
639,1
1259,1
4268,1
2394,1
4479,3
1355,1
4944,2
4579,2
370,2
5082,1
4115,2
3353,2
4720,2
4431,2
2128,1
5101,1
302,1
4559,1
2491,3
2705,2
3970,1
2672,2
3052,2
904,1
4353,3
3656,2
1705,1
191,2
1289,1
3488,1
1223,1
3099,2
4995,2
2078,1
1825,1
3561,1
3771,1
2185,2
1501,1
4069,2
4673,2
1668,1
2463,2
2619,1
1229,2
978,1
3550,2
1903,1
2747,2
3210,1
2006,1
252,1
4919,1
3273,3
3269,1
2409,1
1983,1
2714,2
4309,1
4446,1
2890,2
1831,3
4027,1
1146,1
73,2
3534,2
906,2
1269,1
2407,1
3889,2
4113,2
4621,2
2812,3
184,2
2008,1
3386,2
2138,1
687,2
4202,1
2614,1
2275,1
3433,2
3595,1
171,2
4478,2
3047,2
4718,1
4137,2
2225,2
1934,1
4940,1
3281,1
4070,1
1655,1
903,1
179,1
2849,2
3930,1
4226,2
3498,2
3179,2
1779,3
4245,1
1804,1
4509,2
733,1
2082,1
2428,1
4085,2
2974,1
1090,1
3449,2
4062,1
739,2
3707,1
4977,1
4214,2
3245,3
2903,1
3401,2
5056,2
1616,1
2701,2
4822,1
2126,1
4675,2
3885,2
2678,2
3938,2
2932,1
3188,2
1137,1
4275,1
3460,1
2174,2
3238,3
714,1
2826,1
1775,1
3181,2
2545,3
2675,2
4887,1
1832,1
4468,1
4905,3
1249,2
4094,2
4198,1
1445,1
4568,2
4482,1
4899,2
2651,1
3592,1
1633,2
4255,2
498,1
5092,1
1002,2
1586,1
4065,1
3392,1
4150,1
2297,2
2219,1
3239,2
1847,1
152,1
3599,1
3996,1
1461,1
1108,2
1244,2
4722,2
3067,2
4059,2
512,1
3393,2
1907,1
4365,2
2825,2
1873,1
2967,1
3964,1
1028,1
2683,2
318,2
3136,2
1648,1
3191,1
374,2
4451,2
492,1
3039,2
2423,1
17,2
2713,2
1010,3
2310,2
813,1
4208,2
3168,2
1737,1
4789,1
2061,1
4327,1
2837,1
529,1
2014,1
2346,1
4459,1
3546,2
2761,1
1217,2
1857,1
3559,1
2688,1
4210,2
4215,1
3642,2
2059,1
912,3
1600,1
852,1
5086,1
377,2
3519,1
2922,2
4744,1
3697,1
4991,1
1656,1
4507,1
2091,1
2164,1
1186,1
610,1
3493,1
4585,2
4880,1
342,2
4546,2
1001,1
1687,1
467,1
1905,3
983,1
2654,2
309,3
3116,1
3768,2
2168,1
2018,1
3164,2
48,1
1794,1
2042,1
1751,1
2184,1
3649,1
2544,3
655,2
382,2
155,3
3730,1
3279,1
3471,3
5041,2
5025,2
1536,1
2,2
1135,1
1557,1
3364,1
947,1
2564,2
3628,1
658,2
4600,3
4869,1
1993,1
1607,1
3004,2
2593,2
4759,1
175,2
255,1
2919,2
1226,2
4837,1
3807,1
4637,2
3441,2
4635,2
1686,1
1196,1
2240,1
745,2
351,2
1882,1
2249,2
4662,1
2426,2
3687,1
5050,2
3948,1
2140,1
3512,1
1807,1
2242,1
4891,1
2977,2
1930,1
4754,2
4761,1
4012,1
3087,2
4973,1
3230,2
4402,2
4545,1
458,2
1626,1
5055,2
1570,1
1786,1
4712,2
945,2
3018,2
1286,2
456,1
1067,3
1389,1
2693,2
1808,1
4029,1
1266,2
2813,2
2898,3
4896,1
4384,2
269,1
189,2
2250,1
2371,1
1000,2
4258,1
4283,3
3645,2
892,1
334,2
1063,1
2231,2
1347,1
597,1
1156,1
280,1
182,3
4654,1
4250,2
1680,1
4018,2
206,1
251,1
1031,1
3579,1
4693,1
4590,1
694,2
3023,2
5058,2
125,2
2033,1
2350,1
2584,1
2318,1
1322,1
4109,2
3485,2
2300,2
1134,2
4801,1
4407,1
507,1
898,1
1521,1
1225,3
3540,2
483,1
2281,2
864,1
4097,2
2610,1
4186,2
3613,2
1385,1
1039,1
2936,1
4163,2
4514,1
2787,1
3517,2
95,1
5010,2
4369,1
3867,1
2311,1
3073,2
2808,2
2404,1
3756,1
4154,1
642,1
4386,2
4108,2
2820,2
3614,1
1800,2
4339,1
2182,2
132,1
4421,1
3676,2
1752,1
3904,1
1745,1
1354,1
1603,2
521,2
5067,1
1158,1
1159,1
3280,1
2385,2
3837,1
2553,1
2694,2
3160,2
4031,2
976,1
2945,2
856,3
1128,1
3587,2
2635,2
2535,1
332,2
4151,1
1496,1
1087,1
1562,1
2111,1
4724,2
2607,2
4036,1
2180,1
229,1
2548,1
3751,1
723,2
4725,2
2055,1
629,1
1414,1
647,3
4404,1
3861,2
3266,1
1051,1
4691,1
2726,2
2789,2
1694,1
3487,2
4975,1
815,1
2106,1
646,3
811,1
267,1
4310,2
3505,2
301,1
3717,1
3509,2
595,1
3378,1
2793,2
4860,1
4256,2
2828,3
4144,1
1682,1
2113,1
1578,1
3586,1
3434,1
121,1
1013,3
2831,1
944,1
1,3
2064,1
2590,3
613,1
1291,1
4010,2
4825,2
2690,2
3467,1
2735,2
4962,1
4212,1
1404,1
4227,1
2790,2
2935,2
4537,2
3853,1
1277,1
2924,3
3663,2
3548,1
748,1
5009,1
1006,3
4350,1
4179,2
763,1
3644,2
1052,2
2571,1
199,2
158,2
2046,1
1545,1
3135,2
4351,2
4660,1
1400,1
97,1
4938,1
729,1
3072,2
1805,3
4710,1
1738,2
2975,2
659,2
924,2
3607,1
126,1
707,2
410,1
5059,2
1329,1
3352,1
4308,2
1506,1
496,1
2496,3
4527,2
1782,1
3139,1
3437,1
261,1
2416,1
4043,1
4983,1
1535,1
4576,2
1014,1
2201,1
4802,2
4682,2
1576,1
3456,2
4988,1
3389,1
1298,1
1553,1
2907,2
1398,1
2154,1
3491,2
4627,1
1701,1
3883,2
891,1
1628,1
2729,2
1898,1
1820,1
1507,1
643,2
4293,1
632,2
1203,2
1415,1
96,1
801,1
1282,1
4164,3
1079,1
5088,2
1388,1
2725,2
378,1
3865,2
807,1
3372,1
2099,1
2575,1
4847,1
911,2
3080,1
1220,1
732,1
762,1
3986,2
221,1
914,1
227,2
4007,2
3040,2
53,2
2563,2
1728,2
1795,1
586,2
644,1
5028,1
1366,1
700,2
1750,1
847,1
2373,1
3588,2
1464,1
4575,1
966,1
4445,1
1058,2
2628,2
1895,3
4612,1
829,1
72,1
4436,2
1858,1
2916,2
3450,1
233,1
3324,2
3940,2
3492,2
1113,1
187,1
3302,1
1661,1
1416,1
3430,2
4734,2
3603,2
4589,1
2035,1
4312,2
4795,2
1866,2
435,1
2730,2
3792,1
4737,1
2464,1
3396,2
2444,1
657,2
3918,3
4853,3
1615,2
1360,1
2757,2
3908,1
3478,1
1755,1
3408,2
3866,2
3985,2
388,1
2036,1
4760,1
4030,1
2970,1
1096,3
426,1
1904,2
2137,1
178,1
2766,2
4252,2
174,2
4943,2
4406,1
2875,3
3554,1
4663,2
716,2
1987,1
2349,1
1683,1
1734,2
1476,1
26,1
3802,2
4096,3
449,1
1268,1
375,1
5104,1
4292,1
2904,2
1236,1
4892,3
2873,1
2669,1
4187,2
4044,2
1038,1
1790,1
1340,3
3022,1
1126,1
34,2
569,1
4745,1
1948,1
2269,1
1848,2
4383,1
1610,1
3035,2
2981,2
1774,1
329,2
4798,1
1676,1
210,2
503,1
3543,2
2591,1
667,2
2122,1
366,1
1375,1
2832,2
2856,2
1189,1
3934,2
2517,1
752,1
262,1
3128,1
3659,2
4090,1
3857,1
4396,1
4852,1
734,1
1296,2
367,1
3860,1
3468,2
3229,2
488,1
3564,1
3085,2
4956,1
1720,2
4508,1
1588,1
1465,1
3788,1
755,2
2887,2
1624,1
1515,1
1584,1
1368,1
2456,1
245,2
2282,1
1306,1
1314,1
1456,3
1861,3
1556,1
2070,1
2928,2
4475,1
4717,1
750,2
1025,2
4783,1
2896,2
477,1
3026,2
4696,1
3531,2
3921,2
212,2
1405,1
2331,1
3499,1
4906,2
4458,2
2081,1
100,1
3968,1
3668,3
4764,1
4496,3
4046,1
298,1
554,2
3828,1
4625,2
1608,2
4120,1
4086,1
3931,2
4229,2
3287,1
897,3
3192,2
4174,1
1769,3
653,2
168,2
3483,2
4500,1
3292,1
981,1
2420,1
310,2
268,2
2068,1
3096,2
3941,1
3267,1
2158,2
1114,1
4858,1
4771,1
2049,1
3261,2
3149,2
3196,2
1657,2
2217,1
2982,2
362,2
3258,2
820,1
4087,1
1367,1
4535,2
1083,1
3308,2
4577,2
4741,2
1995,1
1688,1
1554,1
4859,1
1865,3
3748,1
2623,2
244,1
1558,1
3806,2
4835,1
2633,2
817,1
525,1
1492,1
2880,1
3596,1
2361,1
2226,1
1671,1
194,2
2324,1
4449,2
3677,1
3724,2
5087,2
2627,1
940,1
2580,1
3240,3
2740,2
2938,2
231,1
2524,1
562,1
2489,3
665,2
1285,1
4373,3
539,1
4257,2
3490,1
960,2
2289,2
3124,2
1111,1
2134,2
5074,1
4522,1
4091,2
3618,2
4417,1
1519,1
2841,2
800,1
2096,1
2794,2
3427,2
3683,1
2037,1
3263,1
124,1
4285,1
3078,1
4301,3
2380,1
685,2
3803,1
2657,2
1516,1
2141,1
546,1
4692,2
464,1
4008,1
988,1
4368,2
2415,1
4501,1
1744,1
1729,1
3256,1
4950,1
2502,3
2931,2
3972,2
4103,2
4947,1
871,1
2817,2
2861,2
1446,1
4400,2
2368,1
4838,1
693,2
4676,1
2017,1
1279,1
1756,1
1376,1
797,1
3701,1
2894,2
2389,1
4126,2
2487,3
1580,1
59,2
116,1
3206,3
4333,2
1349,1
4713,2
4913,1
4871,2
381,1
3461,1
4828,1
3657,2
4652,1
2791,2
825,1
445,1
3041,2
3405,1
2611,2
1107,1
1973,1
4782,1
3458,2
4244,2
1353,1
4885,1
1520,1
4005,2
3532,2
1945,1
1594,1
2962,1
2601,1
2897,2
4243,1
1004,3
4557,1
1252,1
3979,2
4992,3
1235,2
2398,1
4167,1
136,1
3901,2
4959,1
2052,1
680,3
3999,1
683,3
1665,2
2079,1
3836,2
1499,1
347,2
617,1
4504,2
3666,2
1293,1
4879,1
3716,1
3410,1
1864,3
3422,2
98,1
2668,3
1054,1
2304,2
3945,2
4324,2
2513,3
1722,3
4873,1
972,3
1211,1
3632,1
4797,2
4697,2
4512,2
2322,1
4101,1
1166,1
3068,2
2271,1
1935,1
4429,2
4334,2
3879,2
4753,2
4057,1
3831,2
2845,2
2482,3
4645,1
1473,1
2578,2
2585,2
4814,2
2755,2
71,2
4628,2
2776,2
2405,1
3835,1
925,1
951,1
1199,1
4337,1
3218,2
3984,2
3374,1
2795,2
2598,2
4946,1
2376,1
2992,2
3115,2
4566,1
413,1
2309,1
2620,2
1573,1
1154,1
4778,1
76,2
999,3
3910,2
3598,1
3176,2
4746,1
786,1
669,2
3648,1
1942,1
2917,2
1363,1
1938,1
3944,1
105,1
3198,2
1003,1
2065,2
2703,1
2355,1
1071,2
3736,2
1084,2
3494,2
1604,1
2390,1
3325,1
2235,1
3799,2
3729,2
3132,2
4895,2
594,1
4206,1
479,2
2163,1
4363,1
2814,2
3670,2
3106,2
1591,1
312,2
4818,1
1280,1
4886,1
1976,1
3070,2
1074,1
865,1
3946,1
787,1
4355,2
2028,1
1262,1
3304,1
1418,1
2119,2
738,2
4833,2
4024,1
2229,1
2279,2
1500,1
326,2
3448,2
478,1
3083,1
3572,1
866,2
2570,2
2086,1
730,2
3839,2
3221,1
3226,1
4656,2
148,1
3569,1
2427,2
4269,2
2234,1
1552,1
4016,1
894,1
736,1
2829,2
2205,1
3339,1
3896,1
1982,1
3983,2
137,1
156,2
401,1
635,1
1599,1
3199,2
4048,2
4114,2
4262,1
4311,1
282,1
2130,1
154,3
5106,1
127,1
1789,1
4118,1
882,1
1115,1
3826,1
3957,2
2147,1
1462,1
2939,2
2638,2
1255,2
4774,2
67,2
1784,1
3031,2
604,1
1345,1
2674,1
706,2
3011,2
4969,1
1082,1
4196,2
3765,1
2248,2
1209,2
1564,1
1587,1
3415,1
4723,2
3790,1
5008,3
2054,2
2642,2
548,1
3166,2
183,2
4489,2
4756,2
1350,1
3335,1
1437,1
2957,2
504,1
1410,1
4918,1
5023,2
4375,2
3619,1
3743,1
1238,1
2351,1
664,2
532,1
4299,2
1984,1
3197,1
3276,3
1773,2
1713,1
3452,2
405,1
3897,1
4281,1
1040,3
3098,2
4225,2
112,1
1509,1
315,2
679,2
1460,1
3891,2
3762,1
4213,2
2307,1
1902,2
25,2
3075,2
1510,3
1092,3
74,1
3428,1
2560,1
1407,1
1503,1
343,2
2449,1
1911,3
207,1
2881,2
4897,1
3310,1
1260,2
69,2
4503,3
593,1
4965,1
928,1
743,2
472,1
185,3
1899,1
570,1
1222,1
913,2
2526,1
89,1
159,2
324,2
4456,2
1125,1
838,3
3246,3
3547,1
4424,2
5060,2
2005,1
3814,1
2490,3
3696,2
54,1
671,2
399,1
1442,1
4769,1
2720,2
1679,1
2863,1
4629,1
3464,1
3643,2
1093,1
1183,1
2115,1
339,2
4551,2
4806,2
412,1
1724,1
2577,1
2786,2
3749,1
2530,1
3735,2
4317,1
1170,1
3462,2
4042,1
2432,1
4686,2
3922,2
1012,1
2762,1
2868,2
205,1
1566,1
2660,3
4572,1
4934,1
747,1
434,1
3030,2
303,1
1455,1
3718,2
2930,2
920,3
4569,2
321,2
1830,1
1379,1
549,1
1352,1
2384,2
1327,1
58,2
1636,1
3465,1
788,1
4952,1
497,1
3810,2
708,2
2338,1
2073,2
792,1
4641,2
4748,1
3991,2
2419,1
2520,1
830,1
3063,2
3058,2
2816,2
402,1
2854,2
4066,2
2354,1
4874,2
4846,1
480,1
5080,3
712,2
1739,1
946,1
3147,2
1325,2
3627,2
3858,1
4194,2
1550,1
3019,2
4815,1
651,2
453,1
3580,1
365,1
1495,1
1944,1
640,1
3545,2
4963,2
4632,2
9,3
1110,2
3809,2
2566,2
2277,2
791,1
2329,1
230,2
335,2
3439,2
234,2
4357,3
4580,2
2369,1
3170,2
2689,2
4454,2
3264,3
578,1
4578,2
4434,2
4119,2
1532,1
2772,2
4340,2
572,2
3231,2
2333,1
3100,2
2798,3
5090,1
1631,1
4136,1
4542,2
128,2
2414,1
527,1
232,2
4183,2
759,2
3576,1
1961,1
1227,1
1062,1
2206,1
1208,1
4677,1
855,1
5099,1
3678,2
4280,2
3185,2
4397,3
1027,2
391,1
3370,2
2744,2
564,1
1926,1
668,2
2501,3
3344,2
711,2
422,2
1920,1
2733,2
590,1
4553,2
5046,1
3251,2
2330,1
3597,2
1276,1
145,1
4581,2
1245,1
1816,1
1151,2
3122,2
2799,2
1200,3
4498,2
4925,1
3793,1
4708,1
859,1
3466,2
291,1
2853,2
1991,1
2191,2
1764,2
1272,1
3299,2
876,2
4530,2
3250,1
4762,1
1210,3
4862,1
4403,2
404,1
4050,1
2198,2
1432,1
3708,2
1295,2
4639,1
1303,1
4666,1
2227,1
4883,1
4472,2
1081,1
2536,1
3225,1
1288,1
4259,2
2274,1
4220,1
2412,1
3714,1
4694,2
1117,1
2268,1
1066,2
16,2
1471,1
1979,1
4047,2
3673,2
292,2
879,3
4295,1
469,1
2661,2
3244,1
5100,1
300,1
2546,2
1641,1
3046,2
3443,1
163,2
1434,1
4286,3
3120,1
565,1
2236,1
3288,1
3123,1
3661,1
2200,1
1669,1
555,1
1089,1
2326,2
776,1
360,2
1311,1
3700,2
4461,2
3215,2
5001,1
2189,1
1088,1
3719,2
37,1
540,2
240,1
3050,2
4792,2
3074,2
1735,3
793,1
1630,1
3609,1
471,1
3634,1
3495,1
2804,2
3995,1
4193,2
3057,3
2748,2
424,1
2391,1
29,1
1788,1
4336,2
2950,1
1034,2
4099,1
30,1
2537,1
4636,2
2034,1
1639,1
1637,1
4233,2
5017,2
2439,1
2521,2
935,2
1488,1
4721,2
3633,1
2024,1
1674,1
4705,2
2954,2
1378,1
771,1
3233,2
46,2
1077,2
3190,1
574,1
4060,2
2353,1
2986,2
1854,3
3204,2
444,1
1684,1
2667,1
3385,2
2996,2
848,3
3516,1
2958,2
356,1
4045,2
3312,2
2805,3
1057,3
2359,1
3129,2
474,1
880,2
1721,1
2045,1
1776,1
1224,2
2836,3
3254,2
1448,1
4450,1
4640,1
1147,2
2663,1
383,1
4474,1
2763,3
4685,1
281,1
2453,1
783,1
995,1
952,3
3864,2
4881,1
3002,1
4078,1
1478,1
3753,1
4224,2
587,1
3733,1
1118,1
648,3
628,1
537,1
577,1
1531,1
2401,1
4799,2
2438,1
1142,3
1619,1
4222,2
4614,2
964,1
3902,1
1710,1
4972,1
1635,1
4904,2
1187,1
36,2
822,1
4521,1
2343,1
4555,2
2458,1
5021,1
91,2
2653,2
475,1
779,1
3268,1
3398,2
1653,1
225,1
2878,1
3300,2
1868,1
2175,1
1870,3
1047,1
3538,2
1041,1
2984,2
3715,2
2961,1
520,2
130,2
1427,2
4261,1
4314,2
2321,1
2381,2
4695,2
414,1
2900,1
3203,1
4304,1
2218,2
2159,1
5097,1
1102,1
4465,1
674,2
1559,1
2711,2
3754,1
4073,3
3216,2
2022,2
2658,2
3025,2
3932,1
223,2
1097,2
4352,2
724,2
1844,3
1551,1
2051,1
1881,2
349,2
979,2
4242,1
4303,3
1202,2
872,2
427,2
821,1
3924,1
832,1
4910,2
1880,1
970,2
1859,1
4613,2
4455,1
115,1
122,1
1264,2
5068,1
5036,3
2540,2
3947,2
2301,1
1430,1
3028,3
929,1
3529,1
2243,2
4916,1
2284,2
5006,2
3844,2
4631,2
2738,2
3397,2
1105,2
4609,2
2335,1
2406,1
2246,1
4232,2
3334,2
407,1
140,1
5049,1
2366,1
3535,3
4444,1
